1111111111 1111111111 1111111

1111111,

11Μ1 ΜΜΜ11ΜΜΜ Μ11ΜΜ1
ΜΜι.

‘Bon
ΜΜΜΜΜ.
1111 1 Θ1111111Μ1, 411. 1111. 211111. 121111. 9 111.

1 1111111111 ΙΙ.11111111111111111111 Θ11111 1111111
11111111, 111 Θ1111 111111 1111111111Θ1111, 111111 (1111
11111111 1111111111. 5111111 11111 111111, 111 111
1111111111111111111111 einez 111· 11111111111111111 111
11111111111111111111111 111111111111111111. 11111111
111111111111 1111111 111, 11111111 1111111111111111111111,
11111111111111111111111111 1111111111 1111111111·-
11111 11111111111111111111111111 11 11111111.“
(1111111.ε111’11. 1111111.)
,11111111 11111, 1111111111 11111 1111 11111111
111111111111111111111111,1111111111 in 111Θ1111ἰ1111111
111 1111111111 11111,11 11111 1111111111 1111111111
11111111111111111μ111111111 1111111111111 Θ111ιι 11
1111111, 11111 11111111 1111111 111111 1111 111111 1111111
1111111111 1111 1111 11111111, 1111111111 eben 11 1111
1111111111 1111111111 111111 11111111111111111 1111111111
1111111111111 1111111 111111, 1111111 1111111111 iu
1111111111111111 11111111111111111111111 311111 11,
1111111. (1111111111111811 6111 f

11111 1111111.11.111111111 in 11111111.

 

